592	129	132	27	628	597	134	29	630	661	136	31	754	665	138	33	750	669	140	35	746	673	142	37	742	677	144	39	738	681	146	41	734	685	148	43	730	689	150	45	726	693	152	47	720	697	154	49	702	53	156	51	
131	26	591	596	133	28	629	660	135	30	775	664	137	32	797	668	139	34	803	672	141	36	957	676	143	38	1097	680	145	40	1119	684	147	42	1123	688	149	44	1321	692	151	46	1337	696	153	48	721	700	155	50	703	54	
128	593	130	627	598	659	656	631	772	757	662	755	796	753	666	751	802	749	670	747	956	745	674	743	1096	741	678	739	1118	737	682	735	1124	733	686	731	1322	729	690	727	1336	725	694	723	1338	719	698	709	714	701	52	157	
25	590	595	634	655	632	771	758	657	774	793	776	663	798	795	806	667	804	933	874	671	958	963	960	675	1094	1113	1098	679	1140	1125	1120	683	1122	1333	1318	687	1320	1335	1742	691	1340	1905	1744	695	722	715	1920	699	710	55	704	
594	127	626	599	760	653	658	773	784	777	756	799	794	807	752	801	870	873	748	955	934	961	744	1095	1112	1099	740	1139	1126	1117	736	1141	1332	1315	732	1323	1334	1625	728	1341	1904	1743	724	1339	1908	1919	718	713	708	1921	158	711	
589	24	635	654	633	770	759	778	767	792	783	808	823	800	863	850	805	932	875	872	911	964	959	962	1093	1114	1127	1116	1143	1138	1249	1314	1121	1330	1317	1588	1319	1342	1741	1624	1747	1906	1909	1916	1745	716	1923	1918	2169	712	705	56	
126	625	600	761	652	765	768	785	782	809	820	791	836	849	824	869	876	871	910	931	954	935	966	1017	1100	1111	1144	1137	1246	1177	1142	1331	1316	1587	1324	1343	1626	1623	1748	1903	1754	1911	1746	1907	1924	1917	2168	717	1922	707	2190	159	
23	588	569	636	769	762	779	766	819	790	835	822	825	864	851	862	897	914	937	912	965	1016	1021	1092	1019	1128	1115	1176	1145	1250	1313	1248	1329	1344	1589	1620	1617	1740	1753	1880	1749	1902	1915	1910	2033	2072	1925	2170	2189	2198	57	706	
568	125	624	601	764	651	786	781	810	821	826	837	848	861	894	877	868	909	930	953	936	967	1018	1101	1110	1147	1136	1245	1178	1247	1328	1311	1586	1325	1616	1627	1622	1619	1750	1755	1912	1881	2032	2071	1914	2167	2188	2199	1926	2191	160	2197	
545	22	587	570	637	780	763	818	789	834	815	854	865	852	867	898	915	896	913	938	1015	1022	1091	1020	1129	1108	1175	1146	1251	1312	1347	1326	1345	1590	1621	1618	1739	1648	1879	1752	1901	1826	1913	2034	2073	2194	2171	2192	2203	2196	1927	58	
124	567	546	623	602	787	650	811	816	827	838	847	860	893	878	895	908	917	952	929	968	1013	1102	1109	1148	1135	1244	1179	1174	1327	1310	1585	1440	1615	1628	1633	1646	1751	1756	1825	1882	2031	2070	2173	2166	2187	2212	2195	2200	1929	2202	161	
21	544	527	586	571	638	817	788	833	814	855	840	853	866	899	916	941	928	939	1014	981	1090	1023	1130	1107	1180	1173	1252	1243	1348	1439	1346	1591	1584	1613	1630	1649	1738	1647	1878	1827	1900	2035	2074	2213	2172	2193	2204	2211	2208	59	1928	
526	123	566	547	622	603	812	649	828	839	846	859	886	879	892	907	918	951	980	969	1012	1103	1088	1149	1134	1253	1242	1349	1260	1309	1352	1441	1614	1629	1634	1645	1632	1757	1824	1883	2030	2069	2174	2165	2186	2235	2216	2207	1930	2201	162	2209	
509	20	543	528	585	572	639	832	813	856	841	880	845	900	885	942	927	940	995	982	1089	1024	1131	1106	1181	1172	1261	1308	1351	1438	1373	1592	1583	1612	1631	1650	1737	1644	1877	1828	1899	2036	2075	2234	2217	2214	2205	2278	2271	2210	1931	60	
122	525	510	565	548	621	604	829	648	831	858	887	884	891	906	919	950	979	970	1011	1104	1087	1150	1133	1254	1241	1350	1259	1372	1353	1442	1597	1594	1635	1682	1643	1758	1823	1884	2029	2068	2175	2164	2185	2236	2283	2270	2215	2206	1933	2272	163	
19	508	341	542	529	584	573	640	857	842	881	844	901	920	943	926	971	996	983	994	1025	1132	1105	1182	1171	1256	1307	1262	1437	1374	1593	1582	1611	1596	1651	1736	1683	1876	1829	1898	2037	2076	2233	2218	2269	2238	2279	2360	2277	2274	61	1932	
340	121	524	511	564	549	620	605	830	647	888	883	890	905	972	949	978	993	1010	1053	1050	1151	1086	1255	1240	1263	1258	1371	1354	1443	1598	1595	1636	1681	1642	1759	1822	1885	2028	2067	2176	2163	2184	2237	2282	2359	2284	2275	1934	2365	164	2273	
345	18	507	342	541	530	583	574	641	882	843	902	921	944	925	986	997	984	1049	1026	1069	1052	1183	1170	1257	1306	1355	1436	1375	1370	1581	1610	1599	1652	1735	1684	1875	1830	1897	2038	2077	2232	2219	2268	2239	2280	2361	2366	2505	2276	1935	62	
120	339	344	523	512	563	550	619	606	617	646	889	904	973	948	977	992	1009	1054	1051	1152	1085	1068	1185	1264	1239	1376	1369	1444	1487	1520	1637	1680	1641	1760	1821	1886	2027	2066	2177	2162	2183	2240	2281	2358	2489	2504	2285	2364	1937	2506	165	
17	346	329	506	343	540	531	582	575	642	903	922	945	924	987	998	985	1048	1027	1070	1067	1184	1169	1228	1305	1356	1435	1486	1519	1580	1609	1600	1653	1734	1685	1874	1831	1896	2039	2078	2231	2220	2267	2488	2369	2362	2367	2508	2503	2286	63	1936	
328	119	338	347	522	513	562	551	618	607	616	645	974	947	976	991	1008	1055	1046	1153	1084	1227	1186	1265	1238	1377	1368	1445	1488	1521	1638	1679	1640	1761	1820	1887	2026	2065	2178	2161	2182	2241	2370	2357	2490	2509	2502	2363	1938	2507	166	2287	
293	16	351	330	505	348	539	532	581	576	643	946	923	988	999	1030	1047	1028	1071	1066	1155	1168	1229	1304	1357	1434	1485	1518	1579	1608	1601	1654	1733	1686	1873	1832	1895	2040	2079	2230	2221	2266	2487	2374	2501	2368	2491	2510	2521	2288	1939	64	
118	327	294	337	350	521	514	561	552	613	608	615	644	975	990	1007	1056	1045	1154	1083	1226	1187	1266	1237	1378	1367	1446	1489	1522	1577	1678	1639	1762	1819	1888	2025	2064	2179	2160	2181	2242	2371	2356	2485	2492	2511	2520	2289	2514	1941	2522	167	
15	292	279	352	331	504	349	538	533	580	577	612	989	1000	1031	1036	1029	1072	1065	1156	1167	1230	1303	1358	1433	1484	1517	1578	1607	1602	1655	1732	1687	1872	1833	1894	2041	2080	2229	2222	2265	2486	2373	2500	2375	2516	2513	2524	2519	2290	65	1940	
278	117	326	295	336	353	520	515	560	553	614	609	578	611	1006	1057	1044	1035	1082	1225	1188	1267	1236	1379	1366	1447	1490	1523	1576	1677	1604	1763	1818	1889	2024	2063	2084	2159	2180	2243	2372	2355	2484	2493	2512	2525	2518	2515	1942	2523	168	2291	
283	14	291	280	355	332	503	334	537	534	579	558	1001	1032	1037	1034	1073	1064	1157	1166	1231	1302	1359	1432	1483	1516	1527	1606	1603	1656	1731	1688	1871	1834	1893	2042	2081	2228	2223	2264	2483	2418	2499	2376	2517	2540	2549	2526	2543	2292	1943	66	
116	277	282	325	296	335	354	519	516	559	554	535	610	1005	1058	1043	1158	1081	1224	1189	1268	1235	1380	1365	1448	1491	1524	1575	1676	1605	1764	1817	1890	2023	2062	2085	2158	2083	2244	2225	2354	2377	2494	2539	2498	2527	2542	2293	2550	1945	2544	169	
13	284	269	290	281	356	333	502	363	536	517	1002	557	1038	1033	1074	1063	1190	1165	1232	1301	1360	1431	1482	1515	1528	1549	1526	1657	1730	1689	1870	1835	1892	2043	2082	2227	2224	2263	2378	2417	2482	2419	2528	2541	2548	2553	2572	2545	2294	67	1944	
268	115	276	285	324	297	362	357	518	501	364	555	1004	1059	1042	1159	1080	1223	1300	1269	1234	1381	1364	1449	1492	1525	1574	1675	1548	1765	1816	1891	2022	2061	2086	2157	2118	2245	2226	2353	2380	2495	2538	2497	2554	2535	2546	2551	1946	2571	170	2295	
255	12	287	270	289	274	359	322	361	376	1003	500	1039	556	1075	1062	1191	1164	1233	1298	1361	1430	1481	1514	1529	1550	1547	1658	1729	1690	1767	1836	1869	2044	2059	2088	2155	2262	2379	2416	2481	2420	2529	2536	2547	2552	2573	2570	2579	2296	1947	68	
114	267	256	275	286	323	298	367	358	365	406	403	1060	1041	1160	1079	1222	1299	1270	1405	1382	1363	1450	1493	1512	1573	1674	1691	1766	1815	1790	2021	2060	2087	2156	2117	2246	2119	2352	2381	2414	2537	2496	2555	2534	2569	2580	2297	2588	1949	2578	171	
11	254	271	288	273	308	321	360	375	404	377	1040	499	1076	1061	1192	1163	1220	1297	1362	1429	1480	1513	1530	1551	1546	1659	1728	1789	1768	1837	1868	2045	2058	2089	2154	2261	2248	2415	2480	2421	2530	2455	2568	2557	2574	2621	2584	2577	2298	69	1948	
264	113	266	257	320	299	368	309	366	407	402	405	460	1161	1078	1221	1274	1271	1404	1383	1406	1451	1494	1511	1572	1553	1692	1673	1814	1791	1842	1839	2020	2153	2116	2247	2120	2351	2382	2413	2456	2479	2556	2533	2620	2581	2576	2589	1950	2587	172	2299	
253	10	263	272	307	258	319	374	389	378	427	462	1077	498	1193	1162	1219	1296	1273	1428	1479	1498	1531	1552	1545	1660	1727	1788	1769	1838	1867	2046	1841	2090	2057	2260	2249	2386	2457	2422	2531	2454	2567	2558	2575	2626	2583	2622	2585	2300	1951	70	
112	265	252	259	300	369	310	379	408	401	388	459	470	461	1208	1275	1272	1403	1384	1407	1452	1495	1510	1571	1554	1693	1672	1813	1792	1843	1840	2019	2048	2115	2152	2121	2350	2383	2412	2453	2478	2459	2532	2627	2582	2619	2624	2301	2590	1953	2586	173	
9	262	249	306	251	318	373	390	387	428	463	426	497	1194	469	1218	1295	1276	1427	1478	1499	1532	1497	1544	1661	1726	1787	1770	1811	1866	2047	2054	2091	2056	2259	2250	2387	2396	2385	2458	2423	2566	2559	2618	2625	2628	2631	2660	2623	2302	71	1952	
248	111	260	301	370	311	380	409	400	425	458	471	468	1209	1196	1207	1402	1385	1408	1453	1496	1509	1570	1555	1694	1671	1812	1793	1844	1809	2018	2049	2114	2151	2122	2349	2384	2411	2398	2395	2452	2477	2460	2565	2632	2659	2668	2629	1954	2591	174	2303	
261	8	305	250	317	372	391	386	411	464	429	496	1195	1206	1217	1294	1277	1426	1477	1500	1533	1556	1543	1662	1725	1786	1771	1810	1865	1846	2053	2092	2055	2258	2251	2388	2397	2394	2447	2424	2445	2560	2617	2658	2675	2630	2661	2666	2669	2304	1955	72	
110	247	302	371	312	381	410	399	424	457	472	467	1210	1197	1278	1401	1386	1409	1454	1475	1508	1569	1668	1695	1670	1723	1794	1845	1808	2017	2050	2113	2150	2123	2348	2257	2410	2399	2444	2451	2476	2461	2564	2633	2656	2667	2674	2305	2662	1957	2592	175	
7	304	243	316	245	392	385	412	465	430	495	474	1205	1216	1293	1390	1425	1476	1501	1534	1557	1542	1663	1724	1775	1772	1785	1864	1847	2112	2093	2052	2109	2252	2389	2346	2393	2448	2425	2446	2561	2616	2657	2676	2673	2690	2665	2670	2593	2306	73	1956	
242	109	246	303	382	313	398	423	456	473	466	1211	1198	1279	1400	1387	1410	1455	1474	1507	1568	1667	1696	1669	1722	1795	1774	1807	2016	2051	2110	2149	2124	2347	2256	2409	2400	2443	2450	2475	2462	2563	2634	2655	2684	2671	2594	2691	1958	2663	176	2307	
237	6	315	244	393	384	413	434	431	494	475	1204	1215	1292	1391	1424	1389	1502	1535	1558	1541	1664	1719	1776	1773	1784	1863	1848	2111	2094	2125	2108	2253	2390	2345	2392	2449	2426	2463	2562	2615	2640	2677	2672	2689	2682	2701	2664	2595	2308	1959	74	
108	241	238	383	314	397	422	455	436	433	1212	1199	1280	1399	1388	1411	1456	1473	1506	1567	1716	1697	1666	1721	1796	1849	1806	2015	1992	2107	2146	2127	2148	2255	2408	2401	2442	2405	2472	2639	2474	2635	2654	2683	2680	2685	2692	2309	2704	1961	2596	177	
5	236	231	394	239	414	435	432	493	476	1203	1214	1291	1392	1423	1398	1503	1536	1559	1540	1665	1720	1777	1718	1783	1862	1991	2106	2095	2126	2099	2254	2145	2344	2391	2406	2427	2464	2441	2614	2641	2678	2643	2688	2653	2702	2681	2700	2597	2310	75	1960	
230	107	240	235	396	421	454	437	482	1213	1200	1281	1202	1289	1412	1457	1472	1505	1566	1715	1698	1717	1708	1797	1850	1805	2014	1993	2100	2143	2104	2147	2128	2407	2402	2439	2404	2471	2638	2473	2636	2613	2652	2679	2686	2693	2598	2703	1962	2697	178	2311	
219	4	395	232	415	234	419	484	477	492	481	1290	1393	1422	1397	1504	1537	1560	1539	1564	1709	1778	1713	1782	1859	1990	1861	2096	2105	2098	2129	2144	2343	2140	2341	2428	2465	2440	2467	2612	2651	2642	2687	2644	2609	2648	2699	2696	2599	2312	1963	76	
106	229	220	227	420	453	438	451	442	483	1282	1201	1288	1413	1458	1471	1460	1565	1710	1699	1714	1707	1798	1851	1804	2009	1994	2013	2002	2101	2142	2103	2136	2339	2434	2403	2438	2429	2470	2637	2468	2645	2610	2649	2694	2607	2604	2313	2698	1965	2600	179	
3	218	211	416	233	418	443	478	485	480	491	1394	1421	1396	1419	1414	1561	1538	1563	1706	1779	1712	1781	1858	1989	1860	2001	2008	2097	2012	2003	2130	2141	2342	2139	2340	2433	2466	2437	2430	2611	2650	2331	2608	2647	2324	2695	2606	2603	2314	77	1964	
210	105	228	221	226	439	452	441	450	1283	486	1287	490	1415	1466	1459	1470	1461	1700	1711	1702	1799	1852	1803	1854	1995	2010	1997	1986	2007	2102	2137	1982	2135	2338	2435	1978	2335	2432	2469	1974	2333	2646	2325	1970	2605	2322	2319	1966	2601	180	2315	
215	2	217	212	417	222	225	444	479	446	449	1284	1395	1420	489	1418	1465	1562	1469	1462	1705	1780	1703	1800	1857	1988	1855	2000	2011	1998	1985	2004	2131	2138	1981	2134	2337	2436	1977	2334	2431	2330	1973	2332	2323	2326	1969	2602	2321	2318	183	78	
104	209	214	223	102	207	440	447	100	205	1286	487	98	203	1416	1467	96	201	1464	1701	94	199	1802	1853	92	197	1996	1987	90	195	2006	1983	88	193	2132	1979	86	191	2336	1975	84	189	2328	1971	82	187	2320	1967	80	185	2316	181	
1	216	103	208	213	224	101	206	445	448	99	204	1285	488	97	202	1417	1468	95	200	1463	1704	93	198	1801	1856	91	196	1999	1984	89	194	2005	1980	87	192	2133	1976	85	190	2329	1972	83	188	2327	1968	81	186	2317	182	79	184	
