21	24	105	102	109	26	107	116	121	28	119	400	129	30	403	416	131	32	477	484	133	34	545	762	135	36	771	814	137	38	983	990	139	40	993	1084	141	42	145	1088	143	
104	101	22	25	106	115	122	27	118	399	128	29	402	415	130	31	476	483	132	33	544	761	134	35	770	813	136	37	982	989	138	39	992	1083	140	41	1240	1089	142	43	146	
23	20	103	110	123	108	117	398	127	120	401	414	411	404	473	482	417	478	543	554	485	546	763	812	775	772	815	986	889	984	991	1080	1047	994	1237	1090	1085	148	1241	144	1087	
100	111	124	359	114	373	126	383	396	413	410	405	472	481	418	475	542	555	486	547	760	557	774	769	810	891	888	981	988	1003	1046	995	1094	1091	1082	1239	1242	1247	1086	147	44	
19	358	113	364	125	360	397	372	407	384	421	412	419	474	541	488	479	548	553	556	695	764	811	776	773	816	987	890	985	996	1079	1048	1081	1238	1093	1236	1287	1244	149	1246	1297	
112	99	356	361	374	371	382	395	422	409	406	471	538	489	480	549	540	487	694	759	558	777	768	809	892	887	980	997	1004	1045	1002	1095	1092	1235	1286	1243	1248	1299	1296	45	150	
357	18	365	370	363	394	423	408	385	448	467	420	469	550	539	562	617	552	559	696	765	758	819	886	817	894	927	978	1001	1078	1049	1044	1153	1096	1249	1300	1295	1288	1245	1298	1303	
98	355	362	375	368	381	386	447	452	433	470	537	490	563	584	551	560	693	688	729	778	767	808	893	926	979	998	1005	1050	1043	1152	1077	1234	1285	1292	1289	1354	1301	1304	151	46	
17	366	369	380	387	424	393	432	449	466	491	468	583	536	561	618	687	616	697	766	757	820	885	818	895	928	977	1000	1099	1076	1233	1154	1097	1250	1353	1294	1291	1358	1355	1302	1305	
354	97	376	367	378	431	446	453	434	451	566	535	564	585	592	615	692	689	728	779	730	807	822	925	922	999	1006	1051	1042	1151	1098	1231	1284	1293	1290	1357	1360	1401	1306	47	152	
341	16	379	388	425	392	435	450	519	492	465	582	591	614	619	686	659	698	691	756	821	884	923	896	929	976	1041	1100	1075	1232	1155	1254	1251	1352	1361	1402	1365	1356	1359	1404	1307	
96	353	342	377	430	427	454	445	464	567	534	565	586	593	612	621	690	727	780	731	806	823	882	921	924	1007	1052	1103	1150	1101	1230	1283	1256	1253	1366	1363	1400	1403	1408	153	48	
15	340	389	426	391	436	429	518	493	520	581	590	613	620	685	658	699	660	755	782	883	900	897	930	975	1040	1009	1074	1193	1156	1255	1252	1351	1362	1397	1454	1407	1364	1405	1308	1409	
350	95	352	343	428	455	444	463	516	533	568	587	594	611	622	683	726	781	732	805	824	881	920	899	1008	1053	1104	1149	1102	1229	1282	1257	1396	1367	1446	1399	1412	1453	1410	49	154	
339	14	349	390	437	344	517	494	521	514	595	580	589	684	657	700	661	754	783	828	901	898	931	974	1039	1010	1073	1194	1157	1192	1227	1350	1445	1398	1455	1452	1471	1406	1413	1476	1309	
94	351	338	345	456	443	462	515	532	569	588	597	610	623	682	725	702	733	804	825	880	919	902	933	1054	1105	1148	1191	1228	1281	1258	1395	1368	1451	1470	1447	1456	1411	1472	155	50	
13	348	335	438	337	498	495	522	513	596	579	624	681	656	701	662	753	784	829	802	827	932	973	1038	1011	1072	1195	1158	1259	1226	1349	1444	1393	1448	1457	1482	1473	1414	1477	1310	1475	
334	93	346	457	442	461	506	497	570	531	598	609	670	663	724	703	734	803	826	879	918	903	934	1055	1106	1147	1190	1197	1280	1371	1394	1369	1458	1483	1450	1469	1480	1521	1474	51	156	
347	12	439	336	499	496	523	512	505	578	625	664	655	680	669	752	785	830	801	904	877	972	1037	1012	1071	1196	1159	1260	1225	1348	1443	1392	1449	1468	1481	1520	1527	1478	1415	1522	1311	
92	333	458	441	460	507	504	571	530	599	608	671	668	723	704	735	750	787	878	917	1014	935	1056	1107	1146	1189	1198	1279	1372	1381	1370	1459	1484	1519	1528	1479	1552	1523	1526	157	52	
11	440	329	500	331	524	511	600	577	626	665	654	679	720	751	786	831	800	905	876	971	1036	1013	1070	1109	1160	1261	1224	1347	1442	1391	1380	1467	1486	1551	1606	1529	1416	1555	1312	1525	
328	91	332	459	508	503	572	529	652	607	672	667	722	705	736	749	788	833	916	1015	936	1057	1108	1145	1188	1199	1278	1373	1382	1379	1460	1485	1518	1605	1530	1553	1556	1677	1524	53	158	
307	10	501	330	525	510	601	576	627	666	653	678	719	740	721	832	799	906	875	970	1035	1016	1069	1110	1161	1262	1223	1346	1441	1390	1503	1466	1487	1550	1607	1676	1619	1554	1417	1674	1313	
90	327	308	509	502	573	528	651	606	673	646	709	706	737	748	789	834	915	908	937	1058	1033	1144	1187	1200	1277	1374	1383	1378	1461	1488	1517	1604	1531	1618	1557	1670	1675	1678	159	54	
9	306	291	526	325	602	575	628	647	650	677	718	741	708	739	798	907	874	969	1034	1017	1068	1111	1162	1263	1222	1345	1440	1389	1502	1465	1504	1549	1608	1671	1620	1679	1418	1673	1314	1681	
290	89	326	309	574	527	648	605	674	645	710	707	738	747	790	835	914	909	938	1059	1032	1143	1186	1201	1276	1375	1384	1377	1462	1489	1516	1603	1532	1617	1558	1639	1672	1669	1680	55	160	
277	8	305	292	603	324	629	644	649	676	717	742	791	836	797	846	873	968	911	1018	1067	1112	1163	1264	1221	1344	1439	1388	1501	1464	1505	1548	1609	1640	1621	1668	1623	1664	1419	1666	1315	
88	289	278	287	310	633	604	675	640	711	642	715	746	845	850	913	910	939	1060	1031	1142	1185	1202	1275	1266	1385	1376	1463	1490	1515	1602	1533	1616	1559	1638	1643	1626	1667	1624	161	56	
7	276	253	304	293	630	323	632	643	716	743	792	837	796	847	872	967	912	1019	1066	1113	1164	1265	1220	1343	1438	1387	1500	1435	1506	1547	1610	1637	1614	1641	1622	1663	1420	1665	1316	1583	
252	87	288	279	286	311	634	639	712	641	714	745	844	851	860	849	940	1061	1030	1141	1184	1203	1274	1267	1386	1271	1436	1491	1514	1601	1534	1615	1560	1633	1644	1627	1642	1625	1584	57	162	
241	6	275	254	303	294	631	322	635	744	793	838	795	848	871	966	859	1020	1065	1114	1165	1182	1219	1272	1437	1342	1499	1434	1507	1546	1611	1634	1613	1636	1587	1662	1421	1652	1319	1582	1317	
86	251	242	249	280	285	312	301	638	713	636	843	852	861	858	941	1062	1029	1140	1183	1204	1273	1268	1337	1270	1433	1492	1513	1600	1535	1598	1561	1632	1645	1628	1651	1580	1585	1422	163	58	
5	240	233	274	255	302	295	284	321	314	839	794	841	870	965	946	1021	1064	1115	1166	1181	1218	1213	1432	1339	1498	1341	1508	1545	1512	1631	1612	1635	1588	1661	1586	1653	1320	1581	1318	1323	
232	85	250	243	248	281	272	313	300	637	842	853	862	857	942	1063	1028	1139	1168	1205	1214	1207	1338	1269	1336	1493	1430	1497	1536	1599	1562	1597	1646	1629	1650	1579	1660	1423	1322	59	164	
215	4	239	234	273	256	247	296	283	320	315	840	869	964	945	1022	947	1116	1127	1180	1167	1212	1217	1210	1431	1340	1509	1544	1511	1596	1537	1630	1589	1656	1593	1654	1321	1578	181	1324	183	
84	231	216	229	244	237	282	271	260	299	854	863	856	943	948	1027	1118	1025	1138	1169	1206	1215	1208	1333	1494	1335	1496	1429	1538	1563	1542	1647	1594	1649	1576	1657	1424	1659	184	165	60	
3	214	225	238	235	228	257	246	297	270	319	316	949	868	963	944	1023	1126	1117	1128	1179	1170	1211	1216	1209	1332	1539	1510	1543	1428	1595	1570	1575	1590	1655	1592	1577	180	1325	182	175	
212	83	230	217	226	245	236	261	268	259	298	855	864	317	954	951	1026	1119	1024	1137	1124	1129	1178	1171	1334	1495	1176	1331	1564	1541	1568	1427	1648	1571	1574	1425	1658	185	176	61	166	
205	2	213	224	209	218	227	258	221	262	269	318	265	950	867	962	955	952	1125	1120	959	1136	1123	1130	1177	1172	1133	1540	1175	1330	1565	1572	1569	1426	1591	186	179	1326	169	174	171	
82	211	204	207	80	223	202	219	78	267	200	263	76	865	198	953	74	961	196	957	72	1121	194	1135	70	1131	192	1173	68	1567	190	1329	66	1573	188	1327	64	177	172	167	62	
1	206	81	210	203	208	79	222	201	220	77	266	199	264	75	866	197	956	73	960	195	958	71	1122	193	1134	69	1132	191	1174	67	1566	189	1328	65	178	187	168	63	170	173	
